0.09215670175       0.005630601099      435                 
0.0921520826        0.005867848072      435                 
0.09214746391       0.006120181528      434                 
0.09214284569       0.006388799105      434                 
0.09213822792       0.006675020608      434                 
0.09213361062       0.006980302862      434                 
0.09212899379       0.007306256726      434                 
0.09212437741       0.007654666569      433                 
0.0921197615        0.008027512581      433                 
0.09211514605       0.008426996507      433                 
0.09211053106       0.008855571228      433                 
0.09210591654       0.009315974987      432                 
0.09210130247       0.009811270966      432                 
0.09209668887       0.0103448933        432                 
0.09209207574       0.01092070056       431                 
0.09208746306       0.01154303805       431                 
0.09208285085       0.01221681077       431                 
0.09207823909       0.01294756877       430                 
0.0920736278        0.01374160736       430                 
0.09206901698       0.014606085         429                 
0.09206440661       0.01554916226       428                 
0.09205979671       0.01658016586       428                 
0.09205518726       0.01770978246       427                 
0.09205057828       0.01895028811       426                 
0.09204596976       0.02031581955       425                 
0.0920413617        0.0218226953        424                 
0.0920367541        0.02348979466       423                 
0.09203214697       0.02533900389       422                 
0.09202754029       0.02739573864       421                 
0.09202293408       0.02968955058       419                 
0.09201832833       0.03225482271       418                 
0.09201372304       0.03513155062       416                 
0.09200911821       0.03836619248       414                 
0.09200451384       0.04201254567       411                 
0.09199990993       0.0461325637        409                 
0.09199530648       0.05079695427       405                 
0.09199070349       0.05608528093       402                 
0.09198610097       0.06208510522       398                 
0.0919814989        0.0688894264        393                 
0.09197689729       0.07659127993       387                 
0.09197229615       0.08527384482       381                 
0.09196769546       0.09499387001       373                 
0.09196309524       0.1057559277        365                 
0.09195849547       0.1174755558        355                 
0.09195389617       0.1299318782        343                 
0.09194929732       0.1427162639        330                 
0.09194469894       0.1551937962        315                 
0.09194010102       0.1665062632        299                 
0.09193550355       0.1756499862        281                 
0.09193090655       0.1816445566        260                 
0.09192631          0.1837623169        248                 
0.09192171391       0.1817340204        261                 
0.09191711829       0.1758314357        281                 
0.09191252312       0.1667825679        299                 
0.09190792841       0.1555653254        315                 
0.09190333417       0.1431790475        330                 
0.09189874038       0.1304774595        343                 
0.09189414705       0.1180921521        355                 
0.09188955418       0.1064300978        364                 
0.09188496177       0.09571203828       373                 
0.09188036982       0.08602337917       381                 
0.09187577832       0.07736109102       387                 
0.09187118729       0.06967018962       393                 
0.09186659671       0.06286923602       397                 
0.0918620066        0.05686677485       401                 
0.09185741694       0.05157116934       405                 
0.09185282774       0.04689599272       408                 
0.091848239         0.04276260363       411                 
0.09184365071       0.03910103047       413                 
0.09183906289       0.03584989921       415                 
0.09183447552       0.03295586346       417                 
0.09182988862       0.03037281254       419                 
0.09182530217       0.02806101606       420                 
0.09182071618       0.0259862912        422                 
0.09181613064       0.02411923565       423                 
0.09181154557       0.0224345435        424                 
0.09180696095       0.02091040747       425                 
0.09180237679       0.01952800354       426                 
0.09179779309       0.01827105022       426                 
0.09179320985       0.01712543376       427                 
0.09178862706       0.01607889055       428                 
0.09178404473       0.01512073826       428                 
0.09177946286       0.01424164854       429                 
0.09177488145       0.01343345469       429                 
0.09177030049       0.01268898887       430                 
0.09176571999       0.0120019441        430                 
0.09176113995       0.01136675708       430                 
0.09175656036       0.01077850852       431                 
0.09175198124       0.01023283822       431                 
0.09174740256       0.009725872434      431                 
0.09174282435       0.009254161828      432                 
0.09173824659       0.008814628148      432                 
0.09173366929       0.008404518366      432                 
0.09172909245       0.008021365192      432                 
0.09172451606       0.007662952914      433                 
0.09171994013       0.007327287861      433                 
0.09171536466       0.007012572701      433                 
0.09171078964       0.006717184144      433                 
0.09170621508       0.006439653465      433                 
0.09170164098       0.006178649502      433                 
0.09169706733       0.005932963757      434                 
